50064286|50066689|50062223
50062733|50063432|50062312
50064133|50066379|50002469
50063912|50065860|50062322
50063866|50065749|50003689
50063384|50064767|50003630
50062351|50062570|50002550
50062409|50062686|50003629
50064150|50066411|50003784
50063484|50064976|50003629
50062957|50063877|50002335
50063893|50065816|50001851
50063567|50065136|50001849
50063564|50065134|50062322
50063059|50064094|50003719
50064542|50067220|50002350
50064348|50066817|50003163
50063528|50065059|50003707
50063871|50065764|50001155
50064460|50067022|50062323
50063967|50066007|50003629
50062245|50062338|50001043
50063821|50065628|50003660
50062767|50063492|50003630
50062394|50062655|50001212
50062717|50063389|50001304
50062574|50063061|50000936
50063735|50065445|50000760
50062357|50062576|50002574
50063906|50065847|50002335
50062230|50062308|50002550
50064472|50067046|50000365
50064134|50066379|50003629
50064372|50066860|50003719
50064304|50066727|50062251
50063159|50064304|50003747
50063731|50065441|50003660
50063800|50065589|50002550
50064130|50066370|50062312
50063277|50064578|50003719
50062259|50062370|50002226
50064115|50066321|50001952
50062781|50063523|50002469
50063552|50065107|50001849
50062324|50062518|50001054
50062497|50062895|50001092
50063227|50064446|50003630
50062544|50062999|50062327
50063040|50064057|50001104
50064415|50066932|50002549
50062308|50062483|50002671
50064060|50066204|50001847
50063092|50064159|50002559
50062835|50063630|50002571
50064438|50066969|50000373
50063813|50065611|50062304
50063533|50065077|50000373
50063728|50065430|50062305
50063934|50065920|50003943
50063978|50066034|50003787
50063450|50064910|50000716
50063461|50064932|50002574
50063255|50064524|50003660
50063569|50065140|50001043
50063379|50064763|50002549
50064132|50066374|50002549
50063638|50065274|50062332
50062931|50063808|50002043
50064061|50066205|50000364
50063249|50064515|50062332
50063050|50064073|50003689
50064232|50066574|50003689
50064416|50066933|50000760
50062486|50062869|50001212
50062465|50062833|50002469
50064279|50066676|50001851
50063444|50064904|50003660
50062542|50062996|50002565
50064450|50067004|50062336
50062483|50062861|50000701
50064406|50066912|50062318
50064349|50066818|50002559
50063275|50064566|50001960
50063184|50064358|50003660
50062715|50063386|50062305
50063570|50065140|50003660
50064414|50066932|50000716
50063879|50065781|50002469
50064106|50066305|50000437
50062954|50063866|50062267
50062690|50063314|50003648
50064154|50066419|50003660
50064407|50066913|50001059
50063397|50064792|50000388
50063197|50064385|50003719
50062572|50063055|50003629
50063729|50065436|50062291
50062442|50062756|50000945
50063648|50065289|50062220
50063808|50065606|50002410
50062936|50063822|50062337
50063344|50064686|50062337
50063493|50064989|50003067
50063950|50065960|50000323
50063684|50065362|50062336
50063396|50064790|50002870
50064046|50066172|50001070
50063494|50064991|50003724
50063723|50065415|50001782
50063082|50064137|50003789
50064100|50066290|50002410
50062342|50062556|50062336
50062711|50063368|50002559
50063957|50065980|50003717
50064080|50066246|50001849
50063485|50064977|50062242
50064334|50066786|50003630
50062998|50063962|50000373
50064274|50066667|50002550
50064218|50066551|50062322
50063240|50064474|50003517
50063350|50064705|50002350
50063110|50064195|50001218
50064387|50066878|50062267
50063899|50065835|50002226
50063885|50065803|50001073
50063693|50065373|50003660
50063992|50066071|50003689
50062960|50063884|50000437
50064016|50066109|50062283
50064364|50066848|50062335
50063381|50064766|50001142
50064094|50066273|50002550
50062665|50063256|50002469
50063152|50064289|50003660
50063846|50065693|50001963
50062878|50063696|50003660
50064588|50067316|50003629
50064298|50066721|50003789
50063724|50065416|50000716
50063245|50064502|50001061
50063339|50064679|50062336
50062649|50063228|50003629
50062524|50062961|50003660
50063948|50065946|50003629
50064376|50066865|50062322
50063155|50064296|50002226
50062484|50062863|50002559
50064131|50066371|50003717
50064397|50066897|50062298
50063787|50065564|50062332
50064505|50067137|50002676
50062354|50062572|50000945
50064524|50067175|50001059
50064013|50066104|50002693
50063423|50064854|50001218
50063666|50065321|50002559
50062453|50062804|50001851
50063852|50065710|50001072
50062208|50062253|50002565
50063051|50064080|50002469
50062238|50062326|50002559
50064462|50067026|50003660
50064592|50067323|50000986
50063319|50064653|50003401
50064409|50066918|50003629
50063822|50065629|50000930
50063711|50065399|50002469
50063534|50065078|50001076
50063404|50064808|50003660
50062609|50063160|50062340
50063636|50065269|50003668
50063532|50065075|50003697
50062301|50062469|50003120
50064425|50066945|50001703
50062537|50062985|50003821
50062510|50062939|50003717
50064441|50066981|50003717
50062297|50062466|50000437
50063169|50064332|50001214
50064200|50066517|50000300
50062818|50063597|50003660
50064208|50066532|50062264
50064601|50067339|50000959
50062911|50063774|50001016
50063262|50064531|50062283
50063045|50064061|50001851
50062512|50062941|50001214
50064314|50066746|50002469
50063568|50065138|50002350
50062768|50063493|50002469
50063282|50064587|50002335
50062367|50062598|50003719
50063576|50065147|50000981
50064514|50067162|50003719
50063148|50064276|50062299
50063046|50064062|50000956
50062355|50062573|50003660
50062824|50063603|50003630
50063816|50065617|50002790
50063758|50065494|50062310
50063105|50064179|50002335
50062861|50063669|50002469
50064112|50066316|50003660
50063056|50064090|50062251
50062422|50062702|50003629
50062940|50063835|50003629
50064245|50066604|50000969
50063874|50065770|50003660
50064598|50067337|50001847
50062651|50063231|50000933
50062337|50062550|50002410
50062362|50062584|50000129
50063001|50063969|50001063
50064527|50067189|50002556
50062970|50063906|50003689
50062795|50063559|50062244
50063623|50065253|50001076
50064498|50067122|50002446
50064449|50067002|50000986
50063947|50065946|50002469
50064471|50067042|50062336
50062716|50063387|50003943
50062803|50063573|50000962
50063136|50064253|50062241
50063416|50064838|50062318
50063403|50064807|50062331
50064055|50066193|50003630
50064384|50066875|50003943
50063642|50065281|50000852
50062658|50063249|50002415
50063909|50065853|50001970
50062421|50062702|50002469
50062405|50062671|50000760
50062900|50063745|50003629
50062556|50063015|50002549
50064033|50066145|50003517
50062222|50062290|50002469
50063071|50064111|50062242
50064219|50066553|50001214
50064191|50066498|50003629
50063959|50065984|50062260
50062817|50063595|50001214
50062606|50063147|50002139
50064119|50066337|50000708
50064082|50066249|50062210
50063727|50065420|50062221
50063511|50065032|50003629
50064143|50066397|50003747
50064019|50066114|50003716
50064333|50066786|50062251
50062647|50063227|50062312
50063904|50065840|50000304
50063187|50064362|50000373
50063358|50064718|50003717
50062693|50063325|50000970
50063663|50065312|50001070
50062353|50062571|50003629
50063483|50064976|50002469
50063853|50065712|50002549
50063422|50064853|50062337
50062218|50062277|50003630
50063621|50065249|50002350
50062639|50063201|50062340
50062593|50063110|50002549
50063811|50065610|50002415
50064195|50066506|50002867
50062816|50063594|50002559
50062263|50062382|50062225
50062350|50062568|50003630
50063175|50064341|50003719
50063266|50064541|50003660
50064570|50067276|50001465
50064118|50066336|50002122
50062568|50063047|50001059
50063354|50064712|50002550
50062898|50063745|50001214
50064512|50067155|50003609
50062731|50063430|50003689
50063504|50065016|50003716
50063356|50064716|50062251
50063740|50065457|50000986
50062492|50062885|50002335
50064568|50067272|50002559
50062645|50063221|50000081
50062801|50063567|50002550
50063429|50064871|50062322
50063413|50064831|50003614
50062233|50062313|50000373
50063063|50064097|50002469
50062786|50063533|50003668
50063733|50065443|50002683
50062553|50063011|50003689
50063145|50064268|50062283
50062463|50062825|50003803
50064246|50066606|50062339
50063797|50065584|50002469
50063791|50065571|50003629
50063775|50065544|50002549
50062612|50063166|50002694
50064569|50067273|50003120
50064433|50066961|50000373
50062732|50063431|50003660
50063508|50065028|50003660
50063459|50064928|50062332
50062452|50062800|50003719
50064122|50066347|50062316
50062232|50062312|50001067
50062688|50063302|50003689
50063376|50064752|50001068
50063364|50064736|50002225
50063620|50065248|50062336
50064469|50067041|50001849
50062939|50063835|50003613
50063133|50064246|50000373
50063362|50064728|50001932
50062250|50062346|50002240
50063100|50064172|50003517
50062766|50063491|50062332
50064058|50066201|50062241
50064475|50067062|50001709
50063738|50065453|50062307
50063480|50064968|50003716
50063399|50064794|50000964
50064207|50066528|50002335
50063935|50065920|50062239
50063757|50065492|50000300
50063281|50064584|50000437
50062387|50062638|50062305
50063441|50064897|50000972
50062392|50062652|50003660
50063206|50064401|50002469
50063985|50066051|50002469
50064404|50066908|50003943
50064402|50066904|50062322
50062891|50063727|50062283
50062433|50062732|50002469
50064270|50066657|50000708
50063124|50064229|50002122
50064353|50066827|50002469
50063377|50064753|50000937
50063672|50065335|50001959
50064151|50066413|50062305
50062706|50063358|50000955
50064137|50066386|50002550
50063795|50065582|50002559
50063442|50064898|50001690
50063929|50065911|50003660
50063773|50065537|50003808
50064229|50066563|50003943
50062847|50063649|50002335
50064330|50066784|50062305
50062644|50063218|50003689
50064401|50066901|50062280
50062356|50062574|50000255
50062487|50062870|50003517
50062496|50062894|50000942
50062224|50062294|50002559
50062489|50062879|50003689
50063149|50064282|50002043
50062459|50062817|50002226
50062923|50063793|50003630
50062637|50063199|50003698
50062519|50062952|50062217
50063540|50065087|50000373
50063412|50064823|50003717
50063353|50064710|50000742
50062800|50063565|50002550
50062659|50063249|50062255
50063924|50065895|50062276
50062905|50063758|50002240
50064487|50067083|50001340
50063560|50065115|50062220
50064003|50066086|50002436
50062636|50063199|50062336
50062696|50063331|50003796
50063834|50065666|50002549
50062393|50062654|50000305
50063908|50065849|50002225
50063586|50065169|50001049
50062207|50062252|50003517
50062775|50063509|50002559
50062674|50063276|50062273
50063549|50065099|50002335
50062267|50062386|50062275
50063942|50065931|50003716
50063509|50065030|50003726
50063720|50065408|50003629
50064251|50066622|50003717
50063640|50065279|50003614
50063296|50064612|50003629
50063907|50065848|50001827
50063083|50064143|50003716
50062380|50062620|50003629
50064043|50066170|50062278
50064560|50067257|50062322
50064179|50066467|50003660
50063267|50064548|50001099
50063221|50064434|50001162
50063097|50064166|50003660
50063315|50064643|50002679
50063745|50065460|50003716
50063027|50064018|50062305
50064597|50067333|50062327
50062709|50063366|50002335
50063889|50065810|50002469
50063683|50065362|50062293
50063475|50064957|50062235
50062995|50063961|50001043
50063349|50064704|50003689
50064506|50067138|50062333
50063607|50065218|50000976
50062929|50063807|50062342
50062432|50062731|50001214
50062896|50063738|50062232
50062738|50063443|50003742
50063669|50065325|50002793
50062377|50062619|50003719
50063415|50064834|50002550
50062282|50062420|50002226
50063591|50065186|50062235
50063592|50065187|50002565
50062997|50063962|50001070
50062309|50062484|50002695
50063456|50064920|50003806
50064360|50066836|50000831
50063008|50063987|50062312
50062777|50063510|50000373
50062976|50063920|50002552
50064446|50066999|50002207
50063515|50065040|50062283
50062310|50062495|50062331
50064613|50067362|50002790
50064565|50067266|50002885
50062790|50063541|50001009
50063668|50065323|50003707
50063057|50064090|50001070
50062983|50063936|50062242
50064002|50066085|50003055
50062705|50063357|50002549
50064611|50067356|50062332
50064126|50066355|50003629
50062624|50063187|50002790
50063872|50065766|50000958
50063799|50065588|50003660
50063982|50066042|50001016
50063546|50065097|50062245
50062695|50063327|50062336
50062652|50063240|50001959
50064282|50066680|50003660
50062791|50063544|50001966
50062411|50062691|50002335
50063345|50064688|50002415
50062666|50063257|50001040
50063789|50065566|50003629
50064044|50066170|50003660
50062880|50063698|50001013
50063983|50066048|50003717
50062529|50062971|50001063
50063135|50064251|50003629
50062627|50063190|50000955
50063892|50065812|50000746
50063579|50065149|50003630
50062331|50062541|50002544
50064161|50066439|50002335
50063818|50065619|50003660
50062386|50062636|50001162
50063598|50065203|50002139
50063310|50064633|50003689
50062616|50063173|50002550
50062293|50062454|50002793
50063887|50065804|50001104
50064309|50066737|50062331
50063938|50065926|50062336
50064278|50066674|50003629
50062602|50063141|50062242
50063430|50064873|50062322
50064007|50066096|50002469
50063106|50064180|50062322
50062481|50062859|50003717
50063939|50065927|50000172
50063742|50065457|50003717
50063084|50064145|50002559
50063643|50065283|50003517
50063279|50064581|50002574
50063013|50063993|50002324
50062286|50062441|50062247
50064297|50066716|50000437
50063705|50065388|50003629
50062948|50063845|50003719
50064226|50066561|50000323
50064292|50066704|50002549
50063331|50064667|50003716
50064206|50066527|50003689
50062374|50062611|50003648
50064520|50067167|50000967
50064166|50066446|50002672
50062823|50063603|50000373
50063706|50065392|50003789
50062429|50062720|50003067
50063080|50064134|50003288
50064280|50066676|50062328
50064483|50067075|50000314
50064531|50067193|50062282
50064516|50067164|50003943
50062597|50063124|50001101
50062385|50062634|50002240
50062586|50063098|50002549
50062769|50063493|50003629
50064528|50067190|50002550
50064313|50066744|50003717
50063150|50064284|50001688
50064600|50067338|50002335
50062290|50062450|50002226
50063302|50064622|50003058
50063979|50066035|50003660
50063625|50065255|50003067
50062852|50063655|50003716
50062322|50062516|50001101
50064513|50067159|50002550
50062343|50062557|50062336
50064447|50067000|50062336
50064392|50066885|50003660
50064098|50066278|50000716
50062707|50063359|50062332
50064052|50066189|50062291
50063849|50065708|50001043
50062829|50063616|50002573
50062796|50063560|50002335
50062619|50063181|50002469
50064230|50066571|50001847
50063812|50065610|50062255
50063631|50065264|50002225
50062525|50062962|50002335
50063340|50064680|50003630
50062220|50062285|50001941
50063577|50065149|50062230
50064254|50066628|50003630
50063272|50064558|50003719
50062338|50062553|50000437
50063796|50065583|50002226
50063968|50066008|50002207
50064337|50066789|50001104
50063003|50063973|50003615
50063626|50065258|50002335
50063702|50065385|50000300
50062482|50062860|50003943
50063698|50065378|50001076
50063330|50064667|50002549
50063263|50064534|50001227
50063053|50064085|50003818
50063748|50065469|50003717
50064519|50067165|50062328
50063285|50064597|50002207
50062508|50062935|50002335
50063547|50065097|50000373
50064608|50067352|50003613
50063176|50064341|50001147
50063010|50063990|50001847
50064192|50066504|50000708
50064001|50066084|50003660
50063470|50064949|50003660
50064011|50066103|50002469
50064198|50066512|50001048
50063158|50064303|50003629
50062413|50062692|50003660
50063637|50065271|50002549
50063043|50064060|50001104
50064614|50067365|50001228
50064536|50067201|50002240
50062243|50062335|50002335
50064018|50066114|50002549
50063309|50064632|50062336
50063602|50065211|50000986
50064065|50066211|50001345
50062621|50063183|50002573
50062573|50063060|50001104
50064502|50067133|50002971
50062779|50063520|50003668
50063926|50065906|50003707
50063192|50064377|50003689
50063699|50065379|50062336
50062415|50062693|50003716
50063011|50063991|50003742
50063610|50065225|50003629
50062763|50063485|50002549
50062827|50063609|50003747
50062626|50063189|50002335
50064315|50066746|50003629
50063473|50064953|50062290
50062805|50063574|50000373
50062972|50063913|50062336
50063974|50066024|50002122
50063940|50065929|50062331
50063326|50064661|50002385
50062618|50063180|50003517
50064586|50067314|50002207
50064240|50066594|50000970
50062520|50062953|50003797
50062559|50063024|50003807
50062792|50063545|50001935
50063170|50064332|50002469
50062712|50063369|50000669
50063368|50064738|50003719
50063630|50065264|50003719
50064400|50066900|50002559
50063722|50065415|50001061
50063988|50066055|50062302
50062471|50062850|50062328
50063185|50064360|50003660
50063955|50065978|50002335
50062440|50062747|50002169
50063659|50065300|50003629
50064299|50066722|50002207
50064571|50067282|50001347
50064175|50066456|50000979
50062427|50062718|50002469
50062289|50062442|50003660
50063601|50065210|50003660
50063168|50064328|50002549
50062229|50062306|50062235
50062881|50063698|50003630
50062973|50063917|50001101
50064547|50067232|50003660
50063747|50065463|50002559
50063292|50064603|50002556
50063239|50064472|50002446
50064040|50066164|50002125
50062307|50062482|50003719
50064323|50066768|50003629
50063436|50064888|50000701
50063161|50064310|50000945
50064369|50066856|50003807
50063685|50065362|50062288
50063807|50065606|50002225
50064092|50066266|50002559
50063338|50064678|50002549
50063225|50064441|50001076
50063815|50065617|50062330
50062877|50063695|50003719
50062798|50063562|50003716
50062832|50063620|50002670
50062221|50062290|50001214
50062302|50062470|50062229
50064109|50066312|50003719
50062534|50062981|50001155
50062641|50063207|50062258
50063031|50064032|50002225
50063944|50065942|50003660
50063386|50064773|50002039
50062965|50063888|50002556
50064485|50067079|50003660
50064335|50066787|50003660
50063997|50066080|50062249
50064331|50066785|50062217
50062500|50062909|50003660
50062654|50063243|50062292
50063896|50065817|50062337
50062802|50063572|50001054
50064185|50066482|50003720
50062491|50062882|50002240
50063401|50064802|50062339
50064276|50066672|50003660
50062925|50063799|50002385
50064250|50066621|50003734
50063782|50065560|50003822
50062591|50063108|50062341
50063388|50064776|50003719
50062730|50063424|50002240
50063464|50064942|50002970
50062379|50062620|50002469
50062590|50063107|50001212
50062668|50063257|50003630
50063695|50065375|50003660
50064037|50066158|50062216
50063219|50064428|50002225
50063294|50064604|50003716
50062932|50063809|50003630
50062515|50062946|50000633
50064022|50066122|50003943
50063018|50064004|50062336
50063054|50064089|50062312
50062294|50062456|50002412
50062236|50062320|50003630
50062364|50062591|50002240
50063109|50064187|50001087
50064062|50066206|50002350
50063819|50065624|50002415
50064099|50066284|50000323
50063587|50065173|50001938
50062765|50063488|50003717
50063897|50065830|50002350
50063304|50064624|50002696
50064403|50066906|50003517
50064210|50066533|50062268
50063498|50064997|50000701
50062217|50062275|50062305
50062843|50063644|50062336
50062914|50063778|50002575
50063966|50066006|50000373
50063557|50065110|50003716
50062755|50063466|50000760
50063409|50064813|50062296
50063652|50065292|50002565
50064434|50066962|50002575
50062295|50062462|50062285
50064303|50066727|50002512
50063843|50065688|50000036
50063999|50066083|50062219
50064365|50066851|50002575
50063828|50065637|50002415
50064421|50066941|50062305
50064284|50066684|50001043
50063857|50065721|50000760
50062381|50062629|50003943
50062589|50063106|50001782
50063431|50064877|50002335
50063308|50064630|50002559
50063113|50064197|50000760
50064149|50066410|50000945
50064295|50066713|50002226
50062298|50062467|50000255
50063491|50064984|50001689
50062630|50063194|50003629
50063763|50065512|50002550
50062264|50062382|50000373
50062734|50063433|50062343
50064442|50066986|50003719
50063973|50066024|50062230
50063095|50064163|50062331
50062358|50062576|50002569
50063270|50064553|50002550
50064587|50067316|50062261
50062906|50063760|50062336
50063825|50065635|50062267
50063573|50065144|50002559
50062494|50062889|50003629
50063311|50064634|50003660
50063180|50064346|50002691
50064141|50066394|50001076
50062283|50062426|50062336
50062726|50063410|50001964
50062812|50063586|50003629
50062517|50062950|50062220
50063077|50064118|50001632
50062656|50063243|50062322
50064256|50066629|50002225
50063405|50064810|50003288
50063647|50065288|50062322
50063055|50064090|50001104
50064047|50066173|50001010
50064559|50067255|50062322
50062430|50062729|50000669
50063014|50063993|50000373
50064356|50066830|50003943
50062372|50062607|50062238
50062272|50062398|50003660
50062980|50063930|50003716
50062518|50062951|50002559
50063768|50065522|50001073
50063660|50065308|50003689
50063654|50065295|50062345
50063513|50065035|50003629
50063016|50064000|50002207
50064585|50067310|50062336
50063171|50064332|50003629
50063523|50065052|50062328
50063332|50064669|50062336
50063434|50064887|50002551
50063427|50064871|50062292
50062916|50063784|50003719
50063026|50064015|50002556
50063703|50065386|50003629
50062813|50063589|50003517
50063098|50064168|50002559
50063194|50064379|50002446
50062325|50062518|50002559
50063357|50064716|50003630
50064582|50067307|50003724
50064509|50067142|50002469
50062746|50063454|50003629
50064380|50066869|50062313
50064097|50066277|50062331
50063440|50064896|50000935
50062620|50063181|50003629
50062737|50063442|50002677
50062499|50062906|50062322
50062897|50063738|50001408
50064476|50067065|50001011
50062513|50062941|50002469
50062889|50063717|50002335
50064027|50066135|50001153
50063704|50065388|50062261
50063776|50065550|50002870
50063293|50064604|50062287
50064359|50066832|50002207
50064289|50066697|50003698
50063606|50065217|50062312
50063488|50064982|50002469
50063945|50065944|50062336
50063744|50065460|50002549
50063911|50065860|50062290
50062839|50063636|50003629
50062523|50062959|50001630
50063400|50064795|50002415
50063721|50065414|50003660
50064548|50067233|50003660
50062495|50062893|50001740
50062683|50063292|50062251
50064393|50066885|50003614
50064168|50066448|50002469
50064583|50067308|50062309
50063761|50065507|50062235
50063736|50065448|50001212
50064398|50066900|50062292
50062702|50063348|50001076
50062646|50063222|50062336
50064066|50066218|50062336
50062934|50063813|50000255
50064373|50066860|50002225
50063462|50064936|50000760
50063855|50065716|50062312
50063596|50065191|50003629
50062952|50063863|50001967
50062850|50063654|50003630
50062860|50063664|50003629
50063479|50064968|50002549
50062782|50063523|50003629
50062450|50062796|50003660
50062631|50063195|50002469
50062451|50062797|50003717
50062475|50062854|50062332
50062933|50063811|50062341
50062579|50063080|50062242
50064225|50066560|50003716
50063719|50065408|50002469
50063566|50065136|50001847
50062697|50063334|50062241
50063174|50064340|50003529
50062319|50062511|50001016
50064101|50066295|50003517
50063496|50064995|50002226
50063868|50065753|50002549
50063341|50064681|50003115
50062504|50062925|50003809
50063143|50064267|50062290
50064236|50066587|50003717
50063980|50066039|50003660
50063074|50064114|50002469
50063004|50063978|50001089
50062596|50063113|50003716
50063707|50065394|50002469
50064420|50066939|50000812
50062830|50063618|50001847
50064418|50066935|50003717
50064619|50067374|50062267
50063085|50064146|50002225
50063930|50065912|50003630
50064216|50066548|50062336
50063390|50064777|50002559
50063284|50064593|50062248
50062815|50063593|50062325
50064073|50066225|50002559
50064466|50067030|50003629
50062240|50062329|50003629
50063832|50065661|50062216
50063687|50065368|50002415
50062273|50062399|50002550
50063880|50065789|50062221
50062277|50062408|50001212
50063784|50065561|50003719
50064071|50066221|50002549
50063901|50065837|50002556
50063864|50065743|50062263
50063335|50064672|50002512
50062908|50063769|50062325
50063830|50065653|50003609
50064129|50066362|50003660
50062439|50062743|50001851
50062751|50063463|50062251
50064453|50067009|50000945
50062291|50062451|50003719
50063021|50064011|50002335
50064014|50066105|50002692
50063788|50065565|50003689
50064486|50067081|50003660
50062761|50063478|50003698
50064432|50066961|50062225
50063827|50065636|50003660
50062780|50063522|50001891
50063173|50064339|50000856
50063029|50064020|50003660
50063658|50065299|50003660
50064567|50067271|50002550
50062625|50063188|50062318
50062346|50062563|50003972
50063543|50065091|50003689
50064332|50066786|50062263
50062509|50062937|50000443
50062987|50063945|50003629
50064036|50066156|50003689
50062315|50062507|50002546
50064596|50067330|50062318
50063756|50065490|50062280
50064017|50066110|50002550
50064503|50067135|50001070
50063616|50065237|50001063
50062713|50063383|50000314
50064579|50067296|50002469
50063481|50064969|50003698
50062660|50063252|50000701
50064186|50066486|50002559
50063551|50065101|50062336
50062244|50062336|50003660
50063156|50064299|50000716
50062397|50062662|50000701
50063116|50064209|50001104
50064481|50067072|50062336
50063236|50064466|50062269
50063750|50065471|50000760
50062541|50062993|50002469
50062917|50063784|50002225
50062478|50062856|50000960
50062276|50062406|50062312
50062653|50063242|50001104
50062822|50063603|50062212
50062978|50063923|50000814
50062580|50063083|50001960
50064549|50067234|50002549
50064096|50066276|50062312
50064468|50067041|50001847
50063044|50064060|50062251
50064159|50066435|50002688
50063831|50065659|50062336
50063471|50064951|50003814
50063299|50064615|50000255
50064110|50066314|50003660
50062363|50062587|50062337
50063233|50064461|50000760
50062391|50062651|50000373
50062967|50063890|50000373
50064172|50066452|50002549
50063490|50064983|50002675
50063207|50064402|50002469
50063548|50065098|50001078
50062754|50063465|50001851
50064212|50066536|50003630
50062340|50062555|50001214
50062854|50063658|50001212
50062557|50063017|50003815
50062485|50062864|50000939
50062505|50062929|50062305
50063000|50063964|50003660
50063530|50065072|50000716
50064262|50066641|50062237
50064125|50066352|50000373
50064488|50067091|50062231
50064385|50066876|50003517
50063667|50065322|50001942
50062210|50062254|50003629
50064437|50066967|50003660
50063589|50065175|50062297
50062601|50063139|50062322
50064550|50067235|50062305
50062943|50063840|50000733
50064591|50067323|50003660
50064535|50067200|50003423
50063061|50064096|50002469
50062327|50062524|50000669
50062419|50062699|50003629
50062239|50062329|50002469
50063673|50065336|50062318
50064345|50066806|50062290
50062227|50062304|50062229
50062724|50063409|50062253
50062833|50063621|50001704
50063138|50064256|50003660
50064440|50066977|50000669
50062635|50063198|50062336
50062953|50063866|50062283
50064530|50067193|50001164
50063527|50065058|50003629
50062594|50063110|50003716
50063713|50065402|50000969
50064341|50066795|50000855
50064010|50066101|50002549
50062899|50063745|50002469
50064171|50066451|50003629
50063305|50064625|50003660
50063918|50065879|50000632
50063385|50064768|50003717
50063474|50064955|50062215
50063290|50064602|50001155
50064128|50066360|50002207
50062719|50063393|50002169
50062864|50063674|50003660
50063876|50065774|50002556
50063200|50064389|50062305
50062638|50063201|50062339
50064266|50066653|50003719
50063373|50064750|50002335
50062691|50063318|50062318
50064042|50066167|50002225
50063826|50065635|50062254
50063718|50065407|50003716
50062458|50062816|50003660
50064239|50066591|50062241
50062584|50063091|50002550
50063987|50066055|50062308
50063088|50064150|50000669
50063380|50064763|50003716
50064319|50066756|50002559
50064311|50066740|50002550
50062437|50062740|50002225
50062223|50062290|50003629
50063588|50065174|50001951
50064201|50066517|50000298
50063989|50066063|50003789
50062729|50063419|50062327
50064501|50067132|50062318
50062341|50062555|50003629
50063664|50065314|50003630
50063037|50064052|50003660
50063516|50065041|50000300
50062876|50063692|50000669
50064193|50066504|50002469
50064090|50066261|50001851
50063632|50065264|50002410
50063594|50065191|50001214
50063618|50065241|50002559
50063235|50064463|50003660
50064081|50066247|50003717
50063134|50064250|50002139
50063651|50065291|50001698
50063286|50064598|50062336
50064045|50066172|50003719
50063276|50064567|50062283
50062296|50062462|50062289
50063767|50065521|50002207
50062975|50063918|50003629
50062723|50063406|50003660
50064290|50066698|50003791
50062535|50062982|50003717
50064063|50066206|50000760
50063329|50064666|50062336
50062753|50063464|50003660
50064515|50067162|50002225
50064277|50066673|50001030
50064338|50066790|50003697
50063460|50064932|50001104
50062910|50063774|50001043
50063288|50064599|50003716
50064532|50067195|50003742
50063514|50065037|50003411
50063535|50065079|50002559
50063336|50064674|50002674
50064305|50066734|50003717
50062305|50062480|50003660
50064500|50067124|50000373
50064572|50067284|50002207
50064328|50066779|50000669
50064012|50066103|50003629
50063398|50064793|50002685
50063360|50064719|50003660
50064051|50066180|50000760
50063287|50064599|50002549
50062395|50062655|50000760
50064296|50066715|50003660
50063162|50064311|50003707
50063182|50064353|50003630
50063681|50065353|50001036
50062575|50063064|50002469
50063220|50064433|50003716
50064352|50066826|50062219
50063665|50065315|50001023
50064152|50066414|50002335
50062886|50063710|50062322
50063209|50064404|50001080
50064525|50067178|50003689
50064138|50066388|50002574
50063710|50065396|50003813
50062851|50063655|50002549
50062368|50062598|50001147
50062404|50062671|50002350
50062942|50063839|50003689
50062550|50063008|50001037
50063838|50065674|50003660
50062811|50063586|50002565
50062745|50063451|50000323
50064028|50066137|50003698
50062703|50063349|50002469
50063993|50066076|50003747
50063921|50065894|50003707
50063656|50065297|50003716
50062558|50063021|50062318
50062467|50062843|50003716
50062300|50062469|50002550
50062720|50063398|50003707
50062956|50063873|50062283
50062320|50062513|50002412
50062253|50062355|50062318
50064077|50066243|50062332
50062760|50063477|50003660
50064431|50066961|50062241
50064075|50066236|50002550
50062650|50063230|50003943
50063574|50065145|50062339
50063817|50065618|50003660
50063151|50064286|50003719
50063972|50066019|50002559
50063599|50065203|50062208
50062865|50063674|50003717
50063060|50064094|50002225
50063229|50064450|50062255
50063505|50065019|50001212
50064347|50066810|50002207
50062841|50063643|50003717
50062794|50063556|50002559
50062679|50063282|50000701
50064070|50066221|50000716
50063437|50064891|50001957
50062408|50062686|50002469
50063716|50065406|50003629
50063089|50064152|50003630
50063559|50065114|50002867
50062670|50063264|50062305
50063142|50064267|50062292
50063823|50065630|50000255
50063023|50064013|50002549
50064205|50066526|50002549
50063352|50064706|50003717
50063190|50064367|50003943
50062863|50063671|50003401
50062237|50062321|50003943
50063251|50064517|50003629
50063324|50064660|50002469
50063836|50065667|50000373
50063544|50065094|50001104
50062991|50063953|50002469
50064458|50067019|50003517
50064156|50066423|50002559
50063131|50064244|50001033
50063454|50064915|50062335
50062434|50062732|50003629
50064050|50066177|50001054
50062383|50062631|50003660
50063753|50065480|50002549
50063367|50064737|50062313
50062212|50062260|50062336
50063177|50064341|50062265
50063022|50064011|50002469
50063737|50065450|50003660
50063628|50065261|50002469
50064543|50067220|50000760
50062728|50063418|50001688
50064370|50066857|50003629
50063172|50064335|50003660
50063260|50064530|50002559
50062628|50063192|50062336
50064602|50067341|50002559
50062994|50063960|50001851
50062255|50062357|50003660
50063696|50065376|50003517
50062924|50063794|50003660
50063333|50064670|50062339
50062974|50063918|50002469
50064053|50066192|50001961
50064581|50067299|50000760
50062304|50062479|50003660
50062373|50062607|50000373
50064244|50066601|50002225
50062552|50063010|50002225
50064563|50067260|50002559
50062882|50063699|50002687
50064197|50066511|50003660
50062344|50062560|50002436
50063646|50065286|50002240
50064164|50066443|50003719
50064023|50066123|50000976
50064538|50067205|50003707
50064477|50067068|50003689
50063129|50064239|50001966
50063244|50064501|50003717
50062366|50062596|50000669
50062758|50063475|50062344
50064025|50066129|50062318
50064484|50067078|50003719
50064557|50067243|50000854
50064326|50066773|50000760
50063550|50065100|50062336
50062234|50062313|50003630
50062988|50063948|50001891
50064261|50066640|50001961
50063804|50065597|50000965
50063419|50064844|50003660
50064534|50067200|50000669
50063112|50064196|50000036
50063374|50064750|50002043
50063870|50065763|50002575
50062667|50063257|50062263
50062378|50062619|50002225
50063962|50065995|50002123
50063204|50064399|50003629
50062633|50063197|50001847
50062955|50063867|50002207
50063211|50064412|50062235
50064301|50066726|50003660
50062921|50063791|50003817
50063015|50063995|50002385
50062742|50063448|50003629
50062398|50062663|50001214
50062530|50062977|50062268
50063603|50065211|50062346
50064318|50066755|50002559
50064354|50066827|50003629
50063612|50065230|50002559
50063932|50065914|50062291
50063289|50064600|50000733
50063132|50064246|50062260
50062461|50062819|50001076
50064594|50067326|50002469
50062944|50063841|50003629
50063653|50065295|50000986
50063141|50064262|50062336
50063323|50064659|50003716
50064439|50066973|50003668
50064490|50067095|50000746
50064265|50066652|50062321
50062269|50062389|50002469
50062990|50063952|50062304
50063465|50064943|50003795
50063522|50065052|50001851
50062904|50063756|50002559
50063446|50064905|50062283
50063581|50065158|50062336
50063370|50064741|50002550
50062446|50062773|50003630
50063123|50064229|50062230
50064215|50066545|50003716
50062248|50062343|50000442
50063038|50064054|50003716
50063439|50064895|50001851
50063649|50065290|50003517
50064104|50066303|50003717
50062855|50063658|50000760
50063247|50064507|50002226
50063469|50064947|50002684
50064076|50066241|50001155
50062961|50063885|50003660
50062642|50063214|50002469
50062838|50063636|50002469
50063250|50064517|50002469
50062831|50063619|50002550
50063256|50064525|50000716
50063314|50064639|50001688
50064085|50066255|50002559
50063094|50064161|50003629
50062810|50063584|50002559
50062604|50063143|50000373
50063881|50065796|50003660
50062887|50063711|50002559
50062677|50063280|50001054
50063096|50064164|50062233
50062225|50062295|50002415
50064308|50066736|50062336
50062992|50063953|50003629
50063160|50064309|50001054
50063167|50064327|50003660
50064615|50067366|50062331
50062744|50063450|50003716
50062503|50062919|50003716
50063025|50064015|50000742
50064188|50066491|50001964
50062441|50062749|50003719
50063583|50065162|50001348
50064169|50066448|50003629
50063894|50065816|50062328
50063790|50065567|50000716
50062445|50062772|50001080
50062329|50062527|50001697
50064529|50067191|50002385
50063961|50065992|50003648
50064553|50067236|50002574
50063421|50064845|50003629
50063890|50065810|50003629
50062873|50063688|50062250
50063316|50064644|50003717
50063715|50065405|50003689
50064606|50067348|50003287
50063449|50064909|50003689
50064148|50066409|50062242
50063451|50064910|50002549
50064095|50066275|50003660
50063140|50064260|50062337
50063920|50065893|50000856
50062669|50063263|50001968
50064135|50066382|50000701
50062740|50063447|50062290
50062845|50063648|50062267
50062303|50062471|50002550
50062807|50063575|50002335
50063914|50065868|50003813
50062701|50063342|50002878
50062514|50062944|50003517
50062869|50063686|50062332
50064173|50066452|50003716
50062436|50062740|50003719
50062571|50063053|50000437
50063916|50065873|50003816
50062570|50063051|50002546
50063120|50064224|50002415
50063675|50065338|50000036
50064566|50067267|50000036
50064306|50066735|50001851
50062403|50062670|50003718
50062902|50063753|50000654
50063503|50065008|50002559
50063712|50065399|50003629
50063622|50065250|50062305
50063394|50064781|50000374
50063500|50065000|50003660
50063047|50064064|50003629
50062531|50062977|50062243
50063936|50065923|50001104
50064419|50066937|50001142
50062762|50063481|50003724
50064382|50066871|50000669
50062555|50063013|50000859
50064518|50067165|50001851
50062326|50062519|50002551
50062748|50063459|50003629
50063842|50065685|50002415
50063512|50065034|50003629
50063927|50065908|50003517
50062834|50063622|50003660
50063218|50064428|50003719
50062443|50062766|50002574
50063375|50064751|50003660
50062388|50062640|50002559
50063492|50064986|50002268
50063438|50064894|50062305
50063913|50065868|50062306
50062547|50063002|50001063
50062588|50063102|50003724
50062756|50063469|50062318
50062479|50062857|50001632
50062704|50063349|50003629
50064618|50067370|50002550
50063467|50064945|50062242
50062735|50063433|50062338
50063499|50064999|50003724
50063517|50065046|50002207
50062438|50062742|50001104
50064231|50066571|50001849
50063562|50065129|50062331
50064522|50067169|50002559
50063032|50064042|50002415
50063213|50064413|50002122
50063482|50064972|50003719
50063641|50065281|50000849
50063205|50064401|50002335
50062262|50062379|50062318
50062857|50063662|50000669
50062951|50063862|50003943
50064180|50066470|50001088
50062501|50062912|50003630
50062663|50063255|50002469
50063529|50065063|50001115
50062536|50062984|50002240
50064612|50067360|50002579
50062249|50062344|50000437
50063312|50064635|50062232
50063793|50065572|50002225
50063900|50065836|50062337
50062317|50062511|50001043
50062216|50062274|50003920
50063181|50064353|50062268
50063382|50064766|50062293
50062336|50062547|50003717
50063657|50065298|50002120
50063526|50065056|50002559
50063477|50064961|50003943
50063952|50065969|50002469
50062493|50062887|50002446
50062299|50062468|50003800
50063383|50064767|50003807
50063954|50065975|50062257
50062969|50063899|50003668
50064203|50066525|50003719
50064371|50066859|50003698
50063432|50064877|50002469
50062318|50062511|50001061
50064089|50066259|50000172
50062603|50063143|50002575
50064083|50066252|50062331
50063195|50064380|50062336
50063860|50065735|50003660
50064086|50066257|50062221
50062977|50063922|50000110
50064006|50066096|50000760
50062566|50063038|50002550
50062741|50063448|50002469
50064087|50066258|50001847
50062435|50062735|50001348
50063298|50064615|50000437
50062837|50063635|50003630
50062562|50063028|50003787
50064167|50066447|50062312
50062418|50062698|50003697
50064252|50066625|50002469
50063447|50064907|50003719
50062454|50062805|50000172
50063608|50065220|50003517
50062456|50062812|50002469
50063198|50064386|50002225
50063217|50064421|50002550
50063355|50064715|50062305
50064310|50066738|50000323
50064564|50067263|50003707
50063941|50065931|50002549
50062274|50062400|50003660
50062727|50063416|50003660
50062543|50062996|50003629
50063635|50065267|50001080
50064381|50066870|50002550
50062313|50062499|50003920
50063086|50064147|50003716
50063502|50065003|50062336
50063223|50064436|50062336
50063806|50065606|50003719
50063369|50064739|50001059
50064422|50066944|50001851
50063146|50064272|50062242
50063049|50064071|50062336
50062592|50063109|50003717
50063600|50065203|50003614
50063998|50066083|50062230
50063048|50064070|50000437
50063571|50065142|50062338
50064187|50066488|50003629
50062581|50063085|50002550
50063963|50065996|50003629
50063264|50064538|50003517
50064386|50066878|50003943
50062254|50062356|50001710
50064064|50066210|50002207
50064451|50067006|50062322
50063726|50065417|50002549
50063627|50065258|50002469
50064196|50066508|50002335
50063965|50066005|50001057
50062871|50063688|50000733
50062672|50063270|50062336
50064160|50066439|50002446
50063489|50064982|50003629
50063165|50064324|50003660
50062648|50063228|50002565
50063634|50065266|50000938
50063639|50065279|50062208
50064444|50066993|50002742
50064209|50066532|50000373
50063183|50064355|50003719
50064604|50067344|50062341
50063248|50064511|50062336
50063506|50065020|50001162
50062700|50063337|50003716
50063553|50065108|50003724
50062563|50063031|50002335
50064273|50066666|50003716
50064029|50066139|50003629
50063030|50064021|50002512
50063873|50065767|50002559
50064155|50066421|50000437
50062306|50062481|50003660
50062615|50063172|50001214
50063099|50064170|50000982
50063709|50065395|50062241
50063230|50064458|50003799
50062608|50063160|50062339
50063226|50064444|50062283
50064114|50066319|50003629
50063114|50064202|50003689
50062804|50063574|50062238
50063670|50065327|50002415
50062455|50062809|50001104
50063792|50065572|50003719
50062271|50062395|50003629
50063863|50065743|50001104
50064235|50066582|50003943
50062506|50062930|50001034
50062260|50062372|50002335
50062879|50063697|50062217
50063803|50065595|50062336
50064452|50067008|50062327
50064417|50066934|50000760
50063692|50065372|50003660
50062750|50063463|50062263
50063253|50064519|50002575
50063472|50064953|50062292
50064456|50067015|50001212
50062349|50062568|50001961
50064136|50066385|50000366
50064336|50066788|50003717
50063343|50064682|50003630
50063428|50064871|50062290
50062406|50062672|50003689
50064283|50066683|50003660
50063951|50065969|50002335
50063425|50064861|50001102
50064163|50066440|50062305
50064595|50067326|50003629
50062424|50062711|50062332
50064000|50066083|50002122
50064220|50066553|50002469
50063258|50064527|50000760
50062909|50063771|50003804
50062950|50063861|50002410
50064405|50066909|50003660
50062423|50062707|50000954
50063188|50064365|50003943
50063884|50065801|50003629
50064178|50066466|50002207
50063771|50065533|50003695
50064510|50067145|50062283
50064413|50066931|50003698
50063371|50064742|50003792
50063609|50065225|50002469
50062375|50062613|50003707
50063644|50065284|50002574
50063193|50064378|50002207
50064048|50066174|50001094
50062474|50062853|50003517
50062884|50063704|50001957
50062569|50063048|50000080
50062681|50063291|50000966
50064551|50067236|50001104
50063445|50064905|50003943
50062617|50063177|50002559
50062673|50063273|50000831
50063019|50064007|50003717
50063883|50065801|50002469
50063580|50065153|50003629
50062785|50063531|50003808
50062211|50062259|50062337
50064436|50066966|50001085
50064275|50066669|50000363
50063739|50065453|50062302
50063525|50065053|50002681
50063062|50064096|50003629
50062365|50062594|50062312
50062582|50063086|50003716
50062578|50063077|50062235
50062736|50063435|50000669
50064300|50066723|50001465
50062622|50063183|50002579
50064285|50066687|50001698
50064211|50066533|50062243
50063764|50065513|50002559
50063840|50065682|50000323
50063858|50065725|50000373
50064533|50067199|50062312
50064424|50066944|50062330
50062787|50063538|50062305
50064093|50066270|50003747
50063613|50065232|50003660
50062410|50062689|50001059
50064507|50067140|50002469
50062275|50062405|50003717
50063246|50064502|50001782
50063898|50065833|50000760
50064329|50066780|50000300
50064552|50067236|50002512
50062982|50063935|50003660
50063065|50064099|50002549
50063714|50065403|50001077
50064035|50066150|50003660
50063243|50064478|50000442
50063824|50065631|50003660
50063895|50065816|50062330
50064603|50067343|50003629
50063222|50064435|50003689
50062469|50062846|50062312
50063854|50065713|50000303
50064573|50067288|50002549
50064069|50066220|50003719
50064411|50066929|50002549
50063090|50064153|50002415
50063679|50065345|50003629
50063346|50064689|50003660
50064545|50067225|50000669
50064140|50066389|50002550
50064412|50066930|50062331
50064234|50066580|50003290
50063203|50064394|50001705
50062399|50062663|50002469
50063977|50066034|50002569
50063201|50064390|50062305
50062426|50062714|50003723
50062819|50063598|50002574
50063081|50064136|50002240
50063337|50064676|50062336
50062507|50062932|50003660
50064162|50066439|50002469
50064521|50067168|50062336
50062228|50062305|50002553
50062390|50062651|50062246
50064391|50066882|50002574
50063328|50064665|50003660
50064556|50067241|50002240
50062526|50062962|50002350
50063342|50064682|50002575
50063867|50065751|50062336
50063996|50066080|50002207
50063990|50066069|50002549
50062265|50062383|50000437
50064321|50066767|50000373
50064041|50066165|50002576
50063741|50065457|50062345
50063734|50065444|50062337
50063273|50064559|50062305
50064607|50067351|50003943
50063318|50064648|50062342
50062554|50063012|50002350
50063455|50064919|50000361
50062662|50063255|50062253
50064616|50067369|50062302
50062918|50063787|50002350
50062539|50062989|50002549
50063677|50065341|50000978
50062473|50062852|50002549
50064497|50067118|50000275
50063395|50064784|50001076
50063655|50065297|50002549
50062287|50062441|50003630
50062655|50063243|50062290
50062371|50062606|50001341
50062808|50063575|50002469
50062548|50063002|50001043
50063322|50064659|50002549
50063463|50064936|50002469
50063291|50064603|50000742
50062209|50062254|50002469
50062687|50063300|50001076
50064540|50067210|50001089
50063839|50065677|50001963
50062472|50062850|50062330
50062565|50063036|50062332
50063946|50065945|50000373
50064177|50066462|50003517
50064227|50066562|50002549
50062288|50062442|50001043
50063408|50064813|50062283
50064362|50066838|50003517
50064491|50067101|50002575
50062370|50062603|50001058
50063101|50064173|50003660
50064054|50066193|50001040
50063347|50064691|50002335
50063617|50065237|50003717
50064263|50066642|50062226
50064492|50067105|50062318
50062935|50063814|50003660
50064584|50067308|50062302
50062632|50063195|50003629
50062235|50062317|50001059
50064576|50067292|50002469
50064074|50066232|50003660
50063518|50065047|50003716
50062251|50062347|50003698
50062527|50062965|50003529
50064457|50067017|50001851
50062457|50062812|50003629
50062685|50063296|50062318
50063228|50064450|50002415
50062516|50062948|50001059
50062334|50062546|50062305
50062840|50063639|50003660
50063717|50065407|50002549
50063418|50064843|50003660
50062698|50063335|50001043
50062252|50062353|50000849
50064561|50067258|50002412
50063466|50064944|50000748
50063801|50065591|50062328
50063117|50064217|50001054
50063196|50064383|50000388
50063561|50065122|50062342
50062281|50062419|50062336
50063407|50064812|50003629
50063538|50065086|50001740
50062868|50063685|50003717
50064153|50066417|50003721
50064147|50066407|50003717
50063844|50065690|50062242
50063115|50064208|50062305
50062396|50062659|50001069
50062946|50063843|50002446
50063701|50065382|50062336
50062996|50063961|50003717
50062928|50063803|50003629
50062598|50063128|50003401
50063234|50064462|50003668
50063555|50065109|50002512
50064170|50066449|50002415
50062583|50063087|50003815
50062256|50062360|50002469
50063005|50063979|50003716
50063919|50065882|50003698
50062799|50063563|50002559
50063002|50063969|50003660
50063869|50065754|50001000
50062743|50063450|50002549
50062708|50063361|50002385
50063417|50064839|50002559
50062279|50062415|50002576
50063307|50064628|50002512
50064375|50066864|50001053
50063036|50064050|50000437
50064508|50067140|50003629
50064084|50066253|50003660
50063154|50064292|50003660
50064258|50066631|50003660
50063186|50064362|50001073
50062376|50062617|50002207
50062447|50062778|50002324
50063301|50064620|50003716
50064339|50066790|50003629
50064257|50066630|50062305
50063075|50064114|50003629
50062968|50063898|50003943
50063922|50065895|50003943
50063163|50064314|50003660
50063960|50065987|50003943
50063645|50065284|50003787
50064474|50067053|50062336
50063389|50064776|50002268
50064038|50066159|50000760
50064233|50066579|50002559
50063231|50064459|50002575
50064379|50066869|50062314
50062528|50062967|50062336
50063847|50065701|50003808
50063981|50066042|50001061
50062714|50063384|50002350
50063565|50065135|50002550
50062825|50063604|50002335
50063261|50064531|50000856
50062771|50063501|50000948
50063841|50065683|50062318
50064526|50067179|50003734
50063280|50064582|50062241
50064465|50067030|50002469
50062361|50062581|50003668
50063237|50064466|50003629
50063694|50065374|50003660
50064480|50067071|50003717
50064024|50066124|50003716
50064580|50067296|50003629
50063953|50065971|50000975
50063034|50064046|50003401
50064228|50066562|50003716
50062682|50063292|50062263
50062858|50063664|50001214
50063448|50064908|50003689
50062323|50062517|50001104
50063334|50064670|50062340
50062292|50062451|50002225
50063697|50065377|50002559
50062280|50062417|50062283
50064320|50066758|50000974
50064590|50067322|50000931
50064494|50067108|50001043
50063507|50065027|50001076
50062814|50063591|50003747
50064015|50066106|50003660
50063774|50065540|50062332
50064146|50066405|50062273
50064108|50066311|50000312
50062680|50063288|50002545
50064383|50066874|50001889
50063593|50065187|50062259
50062689|50063310|50001104
50062339|50062554|50002559
50062266|50062384|50002469
50064078|50066244|50002559
50063157|50064299|50002549
50063458|50064925|50002415
50064443|50066987|50062234
50063387|50064775|50002576
50064427|50066949|50003629
50064222|50066554|50002550
50062468|50062844|50000748
50063313|50064638|50003716
50063891|50065812|50002226
50062927|50063803|50002469
50064113|50066318|50003629
50064374|50066863|50062332
50063215|50064417|50062235
50064032|50066142|50062324
50064316|50066751|50000701
50064454|50067014|50001155
50062348|50062566|50001347
50064537|50067203|50003747
50064574|50067289|50003717
50062721|50063404|50062283
50062903|50063755|50002559
50062770|50063495|50003717
50063746|50065462|50003943
50063611|50065229|50062283
50064523|50067172|50062336
50062941|50063838|50062336
50063991|50066070|50062332
50064470|50067042|50003697
50062462|50062824|50062312
50063242|50064477|50003716
50063128|50064235|50003787
50064264|50066652|50062319
50062460|50062818|50002207
50062312|50062496|50003629
50063118|50064217|50002559
50063749|50065470|50062337
50064344|50066806|50062292
50062215|50062273|50000307
50062614|50063170|50003648
50063007|50063986|50062326
50062477|50062855|50003629
50064057|50066195|50002550
50062585|50063096|50002225
50062402|50062668|50003629
50062907|50063765|50003801
50063903|50065839|50000298
50063925|50065902|50001104
50063542|50065090|50062228
50064558|50067244|50002469
50063058|50064091|50000669
50064139|50066388|50002552
50064312|50066741|50002410
50062979|50063930|50002549
50063575|50065145|50062340
50064020|50066118|50001688
50063067|50064101|50002549
50062576|50063064|50003629
50063303|50064623|50062336
50064049|50066176|50062318
50063122|50064227|50000701
50064302|50066727|50001104
50064127|50066359|50001061
50063232|50064461|50002350
50063300|50064616|50002574
50063076|50064117|50000952
50062335|50062547|50062345
50062797|50063562|50062271
50064342|50066797|50002469
50063020|50064008|50000816
50063189|50064365|50062267
50063127|50064235|50002569
50062788|50063539|50062263
50062773|50063504|50003689
50062684|50063292|50000373
50064617|50067369|50062311
50063501|50065000|50003614
50064214|50066545|50002549
50064237|50066588|50062319
50063327|50064662|50002550
50064322|50066768|50003613
50063259|50064529|50002559
50062926|50063801|50062275
50062476|50062855|50002469
50063268|50064550|50000373
50063208|50064402|50003629
50063780|50065556|50001100
50064327|50066775|50000669
50062561|50063025|50062336
50063755|50065484|50003707
50064241|50066597|50003717
50062359|50062576|50003787
50063850|50065708|50003660
50063986|50066051|50003629
50064158|50066433|50000852
50063393|50064780|50001706
50062546|50063001|50002698
50063039|50064056|50062305
50063615|50065236|50003629
50064357|50066831|50001630
50062993|50063955|50003660
50062749|50063460|50003629
50064008|50066098|50062283
50063725|50065416|50002549
50063378|50064760|50003648
50064408|50066915|50002565
50064426|50066946|50001050
50064107|50066307|50000742
50062428|50062720|50003789
50062502|50062914|50062339
50063295|50064611|50062235
50063794|50065573|50000626
50063363|50064733|50002559
50064238|50066588|50062321
50062247|50062341|50002207
50063521|50065051|50003660
50062872|50063688|50001218
50064249|50066615|50002549
50064363|50066846|50000300
50064174|50066453|50062331
50063777|50065552|50002575
50063650|50065291|50003943
50064181|50066473|50062336
50064079|50066245|50002551
50064499|50067123|50062273
50062261|50062376|50001849
50063619|50065247|50002446
50063624|50065255|50003789
50062930|50063807|50062336
50064103|50066302|50003689
50063545|50065095|50000362
50063435|50064887|50003115
50062610|50063162|50003517
50062853|50063656|50000733
50062895|50063731|50003629
50062776|50063510|50002324
50063865|50065744|50002169
50063676|50065339|50002559
50063411|50064818|50003822
50063402|50064804|50000632
50062778|50063516|50002226
50062710|50063366|50002350
50063091|50064153|50062255
50062490|50062880|50002549
50064351|50066825|50001013
50063351|50064705|50000760
50063274|50064562|50003629
50062600|50063138|50003614
50062949|50063853|50001104
50064287|50066695|50002415
50063923|50065895|50062267
50063700|50065380|50000443
50062890|50063717|50002469
50064395|50066890|50001849
50062214|50062268|50003716
50062915|50063781|50000701
50062759|50063475|50062337
50063179|50064345|50002680
50062321|50062515|50002565
50062958|50063878|50062283
50062657|50063244|50002559
50064390|50066882|50062251
50062920|50063790|50003724
50063614|50065234|50002169
50062407|50062683|50000373
50062848|50063651|50002469
50063111|50064195|50062250
50063478|50064964|50003660
50062231|50062311|50001051
50063009|50063989|50002415
50063265|50064540|50003943
50063541|50065090|50002412
50063689|50065369|50000323
50063365|50064736|50000701
50063674|50065337|50003943
50064346|50066806|50062322
50064199|50066513|50001847
50063024|50064014|50000669
50063536|50065081|50062336
50062783|50063530|50003716
50062959|50063878|50062281
50062417|50062696|50062301
50064105|50066304|50002546
50062971|50063910|50000373
50064589|50067321|50062320
50063199|50064388|50062305
50063079|50064131|50003660
50063690|50065371|50003804
50063520|50065051|50001043
50063779|50065554|50000373
50063994|50066079|50062339
50064448|50067001|50062336
50063104|50064178|50000951
50062425|50062713|50002550
50063671|50065329|50003660
50063759|50065494|50062302
50062846|50063648|50062276
50063164|50064318|50003807
50062333|50062545|50062305
50064340|50066794|50003629
50064021|50066118|50062300
50064489|50067095|50002226
50064495|50067108|50003660
50062480|50062857|50062209
50064255|50066629|50003719
50063597|50065201|50003660
50064610|50067355|50062336
50064473|50067051|50000947
50064189|50066493|50003630
50064325|50066772|50003717
50062757|50063472|50002556
50062874|50063689|50000760
50064389|50066882|50001104
50062488|50062874|50003660
50063406|50064812|50002469
50062747|50063455|50003411
50062464|50062830|50062336
50064459|50067021|50000701
50063558|50065112|50002559
50063178|50064344|50002678
50063070|50064109|50002546
50064479|50067071|50001043
50063524|50065052|50062330
50063605|50065216|50003719
50062258|50062368|50000374
50064428|50066954|50001968
50063361|50064721|50003943
50063487|50064981|50003630
50063856|50065720|50002225
50062412|50062691|50002350
50063743|50065459|50062336
50063937|50065925|50001598
50064281|50066678|50003629
50063224|50064437|50003689
50063214|50064413|50003630
50064288|50066695|50062255
50064124|50066352|50062248
50063241|50064477|50002549
50064088|50066258|50001849
50062538|50062987|50062336
50064269|50066655|50062235
50063119|50064222|50003660
50063585|50065167|50001016
50063121|50064227|50002225
50062466|50062833|50003629
50062844|50063646|50003517
50063820|50065626|50002575
50062752|50063463|50000373
50064243|50066601|50003719
50063910|50065860|50062292
50062938|50063829|50003629
50063845|50065691|50002335
50063252|50064518|50062342
50063317|50064648|50002565
50064463|50067028|50000373
50063486|50064979|50003067
50064194|50066505|50003716
50062774|50063505|50062336
50063064|50064097|50003629
50063531|50065074|50062262
50062828|50063613|50002446
50064260|50066633|50003689
50063306|50064628|50001104
50064217|50066549|50062336
50063933|50065917|50002550
50064394|50066889|50062304
50064399|50066900|50062290
50064429|50066955|50003423
50062431|50062730|50000748
50063271|50064555|50002556
50062369|50062602|50062305
50063862|50065741|50000373
50064116|50066324|50062231
50063786|50065563|50062336
50064599|50067337|50001849
50064478|50067070|50003717
50063254|50064523|50003972
50063829|50065650|50003698
50062623|50063187|50062330
50062919|50063787|50003629
50064223|50066554|50003120
50063554|50065109|50001104
50063102|50064177|50001847
50062567|50063041|50000946
50063420|50064845|50003613
50063578|50065149|50001961
50063028|50064019|50062305
50063754|50065481|50003719
50064294|50066707|50003629
50062257|50062360|50003629
50064026|50066132|50002335
50064030|50066140|50001061
50063453|50064914|50003660
50063969|50066011|50002412
50064307|50066735|50062328
50063905|50065844|50003943
50064267|50066653|50002225
50064467|50067036|50062318
50062842|50063644|50003660
50064142|50066396|50003943
50062885|50063706|50062235
50064247|50066606|50062340
50062809|50063579|50000129
50062784|50063531|50002550
50063688|50065368|50062255
50064554|50067238|50001091
50064378|50066869|50062235
50062893|50063730|50001070
50062400|50062663|50003629
50062664|50063256|50062253
50063468|50064946|50000949
50064396|50066892|50001408
50063257|50064525|50002549
50062316|50062510|50002324
50062875|50063691|50003648
50064091|50066261|50062328
50062613|50063169|50001002
50062605|50063145|50001040
50062401|50062664|50003707
50063686|50065367|50003707
50062826|50063608|50001095
50062820|50063600|50002556
50062964|50063888|50002546
50062692|50063323|50000856
50064039|50066161|50000742
50063682|50065361|50062336
50062285|50062434|50000625
50062389|50062644|50003719
50062470|50062850|50001851
50063238|50064468|50003770
50064377|50066867|50062327
50064213|50066542|50002559
50064111|50066315|50003660
50064546|50067228|50003943
50064482|50067075|50000300
50062947|50063843|50003943
50064575|50067290|50001084
50062963|50063887|50003660
50062629|50063194|50002469
50063680|50065351|50062209
50064224|50066558|50000978
50063107|50064182|50062336
50064555|50067240|50003629
50063321|50064655|50002415
50063052|50064082|50002415
50063476|50064958|50062241
50062595|50063111|50003660
50062912|50063777|50002469
50063964|50065998|50001047
50063457|50064924|50000669
50062521|50062956|50062221
50062564|50063034|50062336
50063153|50064291|50001100
50063810|50065609|50003660
50064121|50066344|50002559
50064068|50066219|50062269
50062913|50063777|50003629
50064072|50066222|50002240
50064317|50066754|50062221
50064248|50066608|50002550
50064271|50066659|50003707
50062219|50062282|50062318
50062360|50062578|50002559
50063366|50064737|50062235
50064455|50067014|50001153
50063859|50065728|50003920
50064031|50066140|50062230
50062937|50063824|50003517
50062414|50062693|50002549
50063766|50065520|50001054
50063017|50064002|50003629
50062675|50063278|50003423
50063928|50065910|50003717
50063108|50064183|50003648
50062671|50063265|50001810
50063144|50064267|50002559
50062793|50063551|50062318
50062739|50063447|50062292
50063861|50065737|50000299
50064388|50066878|50062254
50063848|50065705|50003120
50064102|50066301|50062336
50064493|50067107|50002793
50063995|50066079|50062340
50062986|50063944|50003795
50062270|50062395|50002469
50062448|50062782|50003660
50062725|50063409|50002469
50062278|50062409|50062268
50064435|50066965|50003660
50062694|50063326|50003660
50062611|50063164|50001147
50063359|50064719|50002225
50063662|50065312|50001104
50064366|50066854|50003660
50063595|50065191|50002469
50063772|50065535|50062336
50063572|50065143|50062336
50063760|50065504|50062242
50063809|50065607|50003717
50062634|50063197|50001849
50062870|50063687|50062331
50063691|50065371|50003818
50063212|50064412|50062314
50063426|50064864|50001345
50062241|50062334|50002550
50062718|50063390|50003564
50062284|50062431|50000748
50064056|50066194|50002574
50062984|50063943|50002550
50063539|50065087|50062240
50064067|50066219|50001214
50063006|50063980|50003630
50063556|50065109|50001070
50064221|50066553|50003629
50063320|50064654|50002550
50063835|50065667|50062236
50064350|50066822|50002550
50063752|50065476|50003660
50063958|50065982|50002559
50063730|50065438|50002550
50062901|50063750|50002551
50063970|50066012|50003698
50064355|50066829|50000306
50063661|50065311|50003660
50064005|50066095|50062302
50063125|50064229|50003630
50063278|50064579|50002207
50063888|50065807|50002446
50064059|50066202|50001967
50064157|50066427|50003793
50064504|50067136|50062213
50064259|50066632|50000977
50062989|50063949|50002673
50063391|50064778|50000968
50062226|50062300|50003151
50063778|50065554|50062227
50064268|50066654|50062235
50062699|50063335|50003717
50062328|50062524|50003423
50062545|50062999|50002878
50062985|50063944|50003793
50063414|50064833|50062339
50062676|50063279|50002546
50063073|50064114|50001214
50063915|50065871|50002575
50063325|50064660|50003629
50062560|50063024|50062233
50063833|50065662|50003660
50062607|50063151|50000848
50063495|50064993|50003613
50062449|50062794|50062335
50062892|50063729|50000963
50063202|50064391|50003660
50062498|50062903|50000945
50063765|50065514|50003716
50064605|50067347|50062336
50062532|50062977|50003630
50063216|50064420|50002546
50062345|50062561|50002549
50064562|50067259|50000323
50063708|50065394|50003629
50064343|50066800|50000945
50064123|50066350|50001970
50063582|50065159|50003717
50063678|50065345|50002469
50062540|50062989|50003716
50063537|50065083|50002576
50062522|50062957|50003801
50063878|50065781|50002335
50063072|50064113|50002469
50062789|50063539|50003630
50063949|50065949|50003401
50063805|50065599|50000323
50062862|50063670|50002559
50062268|50062387|50003629
50063452|50064912|50000716
50063191|50064374|50003660
50063802|50065591|50002790
50064145|50066404|50002207
50062311|50062496|50002469
50062945|50063842|50000760
50064445|50066996|50003660
50063770|50065530|50002549
50064004|50066095|50062309
50063012|50063992|50000941
50063392|50064779|50000986
50063943|50065937|50062326
50064117|50066333|50000036
50064202|50066521|50002559
50063066|50064099|50003716
50063283|50064592|50001093
50064190|50066497|50002415
50062352|50062571|50002469
50063877|50065780|50003689
50063042|50064059|50001090
50062772|50063503|50003717
50063348|50064691|50002469
50063785|50065563|50002565
50063424|50064860|50062305
50063781|50065558|50001079
50064144|50066401|50003821
50064430|50066960|50062234
50063410|50064816|50062283
50063210|50064411|50000701
50063443|50064900|50002225
50062836|50063634|50002207
50062640|50063203|50000940
50063563|50065130|50002565
50062384|50062633|50001303
50062661|50063253|50062283
50063971|50066018|50062318
50064293|50066705|50003660
50062883|50063700|50000944
50063837|50065668|50003660
50064461|50067025|50003707
50064609|50067352|50003660
50063069|50064103|50000437
50062549|50063003|50002207
50064544|50067222|50062337
50064423|50066944|50062328
50064034|50066148|50003648
50062416|50062696|50062309
50064577|50067292|50003629
50064253|50066626|50001164
50064410|50066928|50001104
50063139|50064259|50062336
50063732|50065442|50003972
50063087|50064148|50062337
50062347|50062565|50062331
50063584|50065166|50002549
50063931|50065913|50002549
50064184|50066481|50002207
50064120|50066343|50003660
50063519|50065048|50003660
50062806|50063575|50002446
50064272|50066663|50003660
50064291|50066701|50062221
50063769|50065525|50002207
50063372|50064746|50003077
50063126|50064235|50002575
50063497|50064996|50062336
50062856|50063660|50062331
50062242|50062334|50003789
50063033|50064045|50002549
50063604|50065211|50003717
50062686|50063298|50003609
50063851|50065709|50001028
50062213|50062266|50062331
50062922|50063792|50001827
50064176|50066458|50000701
50063751|50065475|50003660
50062962|50063886|50003660
50062330|50062532|50003411
50063976|50066032|50003943
50064183|50066480|50003660
50062866|50063681|50003613
50063433|50064886|50002550
50063798|50065587|50062257
50064541|50067219|50003717
50063093|50064161|50002469
50062587|50063099|50003660
50062849|50063653|50003660
50064358|50066831|50062209
50063633|50065265|50001061
50063984|50066049|50062224
50062999|50063963|50003660
50062551|50063009|50062337
50062894|50063730|50000373
50062599|50063137|50003717
50064182|50066478|50003781
50064593|50067325|50002565
50063137|50064253|50000373
50063147|50064276|50062283
50063882|50065799|50003517
50062981|50063933|50003630
50063590|50065185|50002549
50064242|50066599|50062215
50063130|50064243|50003660
50063103|50064177|50001849
50062643|50063214|50003629
50062867|50063681|50003629
50063269|50064550|50001038
50063068|50064102|50000716
50063629|50065262|50002550
50062444|50062767|50003785
50063917|50065875|50003943
50064009|50066099|50002240
50062966|50063889|50003517
50063762|50065508|50002569
50064578|50067293|50000172
50062533|50062978|50001056
50062332|50062543|50003660
50064204|50066525|50002225
50064165|50066444|50001061
50062314|50062505|50003717
50064361|50066837|50002559
50063510|50065031|50001089
50064464|50067028|50001099
50062246|50062338|50003660
50062821|50063602|50001013
50062678|50063281|50002207
50062511|50062940|50000760
50064324|50066771|50003717
50062577|50063066|50001104
50062382|50062630|50003660
50064511|50067145|50062295
50063166|50064325|50002559
50063886|50065803|50003630
50063956|50065978|50002469
50062420|50062700|50000716
50063078|50064127|50002446
50062888|50063713|50062322
50063297|50064614|50002469
50064517|50067164|50062239
50062764|50063485|50003716
50064496|50067117|50002122
50062722|50063404|50062295
50062859|50063664|50002469
50063975|50066031|50003819
50064367|50066855|50003724
50063035|50064048|50002574
50063902|50065838|50062266
50063041|50064058|50003660
50063875|50065772|50002415
50064368|50066856|50002550
50063814|50065612|50003517
50063783|50065560|50000373
50064539|50067209|50062341
